Average Temperature °C
1.0055833333333333
0.0091666666666666
-0.2090833333333333
0.4998333333333333
0.7169166666666666
0.7949166666666666
0.7940833333333334
1.00825
0.982
1.4823333333333333
0.9940833333333332
1.7890833333333334
1.3711666666666666
1.4333333333333331
1.0174999999999998
1.21875
1.4022500000000002
1.1966666666666663
1.1405833333333333
1.2396666666666667
2.2304166666666667
1.2025
1.18025
1.1286666666666667
1.6861666666666666
1.20675
1.81925
1.3540833333333333
1.3216666666666663
1.2055833333333332
1.882083333333333
